Cluster:0	9.963012568254001,15.10354376569128
Cluster:1	35.01195298036884,1.7765219624106217
Cluster:2	49.99793261993179,30.10386964089861
