Cluster:0	49.997932619932065,30.103869640898033
Cluster:1	9.963012568253866,15.103543765690945
Cluster:2	35.01195298036796,1.7765219624106143
